%YAML:1.0
---
cameraMatrix: !!opencv-matrix
   rows: 3
   cols: 3
   dt: d
   data: [ 3.5322058130779891e+02, 0., 2.4529906068190411e+02, 0.,
       3.4024785751026798e+02, 1.6679971529637206e+02, 0., 0., 1. ]
distortionCoefficients: !!opencv-matrix
   rows: 1
   cols: 5
   dt: d
   data: [ 1.3987487789473771e-01, -4.1854358932419433e-01,
       -2.4437683566699241e-02, -2.9612535924022445e-03,
       3.4674186327969408e-01 ]
rotation: !!opencv-matrix
   rows: 3
   cols: 3
   dt: d
   data: [ 1., 0., 0., 0., 1., 0., 0., 0., 1. ]
projection: !!opencv-matrix
   rows: 4
   cols: 4
   dt: d
   data: [ 3.5322058130779891e+02, 0., 2.4529906068190411e+02, 0., 0.,
       3.4024785751026798e+02, 1.6679971529637206e+02, 0., 0., 0., 1.,
       0., 0., 0., 0., 1. ]
