%YAML:1.0
---
rotation: !!opencv-matrix
   rows: 3
   cols: 3
   dt: d
   data: [ 9.9934887237036940e-01, 2.8584524100051132e-03,
       -3.5967492849669325e-02, -3.3516198627852791e-03,
       9.9990109890886347e-01, -1.3658661908939168e-02,
       3.5924892990329998e-02, 1.3770317740236007e-02,
       9.9925961612234004e-01 ]
translation: !!opencv-matrix
   rows: 3
   cols: 1
   dt: d
   data: [ -7.9917669192752366e-02, 3.6440071980036695e-02,
       1.5984214866887084e-01 ]
essential: !!opencv-matrix
   rows: 3
   cols: 3
   dt: d
   data: [ 1.8448358068316060e-03, -1.5932454873631571e-01,
       3.8596322205708404e-02, 1.6260910474327922e-01,
       1.5573928729262000e-03, 7.4109378099618498e-02,
       -3.6148491194890831e-02, -8.0013927459640213e-02,
       2.4022264524376532e-03 ]
fundamental: !!opencv-matrix
   rows: 3
   cols: 3
   dt: d
   data: [ -2.6042134475999359e-07, 2.3348132896825628e-05,
       -5.7550491984889292e-03, -2.3237415363387881e-05,
       -2.3104243170627618e-07, 1.9978742796787781e-03,
       1.5375869758722368e-02, -9.2318276025313700e-03, 1. ]
