%YAML:1.0
---
cameraMatrix: !!opencv-matrix
   rows: 3
   cols: 3
   dt: d
   data: [ 1.2230957422828669e+03, 0., 1.0134239511297569e+03, 0.,
       1.2081930967842054e+03, 3.8174351385316083e+02, 0., 0., 1. ]
distortionCoefficients: !!opencv-matrix
   rows: 1
   cols: 5
   dt: d
   data: [ -1.0160328073226834e-02, 2.6066594518869418e-01,
       -3.8327211352992996e-02, 6.8508032021351523e-03,
       -1.9512290223868581e-01 ]
rotation: !!opencv-matrix
   rows: 3
   cols: 3
   dt: d
   data: [ 1., 0., 0., 0., 1., 0., 0., 0., 1. ]
projection: !!opencv-matrix
   rows: 4
   cols: 4
   dt: d
   data: [ 1.2230957422828669e+03, 0., 1.0134239511297569e+03, 0., 0.,
       1.2081930967842054e+03, 3.8174351385316083e+02, 0., 0., 0., 1.,
       0., 0., 0., 0., 1. ]
