%YAML:1.0
---
depthShift: -7.3890193800618661e+01
