sj4000:
  K: [336.7755634193813, 0.0, 333.3575643300718, 0.0, 336.02729840829176, 212.77376312080065, 0.0, 0.0, 1.0]
  tag_size: 0.126
  height: 480
  width: 640
